% input cofficients matrix
A = [0.101, 2.304, 3.555; -1.347, 3.712, 4.623; -2.835, 1.072, 5.643];

% input constant
b = [1.183; 2.137; 3.035];

% solve the equations
x = A\b

